-6.103516e-05
-2.162109e-04
-1.224219e-04
-3.380859e-05
-1.406250e-06
-1.572852e-04
-7.419922e-05
3.710937e-06
-9.666016e-05
4.193359e-05
-6.878906e-05
-1.582031e-06
-2.447266e-04
-1.268359e-04
-1.461914e-04
-1.096875e-04
-2.004297e-04
-1.232422e-04
-1.933008e-04
-2.075000e-04
-1.758398e-04
-1.083203e-04
-5.597656e-05
-8.984375e-05
-2.809570e-04
-1.210352e-04
-3.525000e-04
-3.239648e-04
1.066406e-04
-2.303516e-04
-1.852734e-04
-1.753711e-04
-3.327148e-04
-2.300586e-04
-3.046484e-04
-3.023438e-04
9.960938e-07
-2.391211e-04
-1.682031e-04
-2.945313e-04
-1.098242e-04
-1.933984e-04
-9.800781e-05
-2.098633e-04
-3.458594e-04
-2.008203e-04
-1.409570e-04
-1.152344e-04
-1.846875e-04
-2.982812e-04
-3.949805e-04
-2.306445e-04
-2.425195e-04
-2.575000e-04
-8.248047e-05
-1.547070e-04
-1.079687e-04
-2.064063e-04
-1.277344e-05
-2.694922e-04
-1.831055e-04
-3.739648e-04
7.345703e-05
-1.050781e-05
-1.550781e-05
-1.346484e-04
-1.848242e-04
-1.660352e-04
-4.644922e-04
-3.988086e-04
-6.503711e-04
-1.915820e-04
-3.652148e-04
-3.778125e-04
-4.935156e-04
-3.093750e-05
-5.869922e-04
-2.185547e-04
-1.463281e-04
-1.972070e-04
-2.491211e-04
-3.631055e-04
-4.370898e-04
-2.879688e-04
-2.819531e-04
-3.680078e-04
6.421875e-05
-9.390625e-05
-1.099609e-04
-1.160156e-04
0.000000e+00
-1.281250e-04
-1.341797e-04
-1.502344e-04
-6.421875e-05
-1.202734e-04
-8.425781e-05
-7.824219e-05
7.087891e-05
-3.105469e-06
-1.170898e-04
-1.690039e-04
8.529297e-05
-2.086914e-04
-1.454297e-04
-9.113281e-05
-2.389063e-04
2.557422e-04
-2.451367e-04
8.476563e-06
-2.101563e-05
-2.843750e-05
-2.068945e-04
-2.612109e-04
-3.644922e-04
-4.146680e-04
-1.675977e-04
-1.725977e-04
-2.565625e-04
-5.328125e-05
-2.441406e-04
-1.577539e-04
-4.144727e-04
-4.039453e-04
-3.803125e-04
-4.556445e-04
-3.958984e-05
-2.307812e-04
-2.457617e-04
-2.576367e-04
-2.153711e-04
-6.792969e-05
-1.815234e-04
-2.509766e-04
-2.252539e-04
-1.043555e-04
-2.035156e-05
-1.563477e-04
-2.682031e-04
-2.948828e-04
-1.343164e-04
5.039063e-05
-7.593750e-05
-5.019531e-06
-9.960938e-07
5.820313e-05
6.050781e-05
1.079883e-04
-3.349609e-05
-6.876953e-05
-1.199023e-04
1.082812e-04
-1.066406e-04
-4.224609e-05
-7.474609e-05
-1.231055e-04
-1.462891e-04
-1.542969e-04
-1.881641e-04
-1.358203e-04
1.758398e-04
8.542969e-05
-5.083984e-05
1.171875e-06
-1.047461e-04
-1.238281e-05
1.461914e-04
1.268359e-04
2.447266e-04
1.582031e-06
6.878906e-05
-4.193359e-05
9.666016e-05
-3.710937e-06
7.419922e-05
1.572852e-04
1.406250e-06
3.380859e-05
1.224219e-04
2.162109e-04
-1.831055e-04
-8.896484e-05
-6.068359e-05
-2.722656e-05
-1.816992e-04
1.572852e-04
1.962695e-04
2.404297e-04
-2.541016e-05
8.013672e-05
1.908594e-04
3.677930e-04
-2.435547e-04
1.268359e-04
-9.794922e-05
1.096875e-04
-2.878516e-04
-2.429687e-04
-5.083984e-05
-9.767578e-05
-4.955469e-04
-1.968555e-04
-4.933398e-04
1.508789e-04
-1.462891e-04
-6.207031e-05
-7.474609e-05
1.408594e-04
3.206055e-04
-7.482422e-05
2.463086e-04
1.143359e-04
6.378906e-04
-1.971875e-04
-5.273438e-07
1.192383e-04
5.483203e-04
4.222266e-04
4.733789e-04
7.217773e-04
2.929297e-04
1.323633e-04
4.031836e-04
6.371094e-04
5.289648e-04
3.839258e-04
-4.214844e-05
-1.899414e-04
1.582031e-06
2.372461e-04
3.339453e-04
2.916797e-04
4.256250e-04
5.626758e-04
-2.226953e-04
2.157422e-04
4.693359e-05
5.115820e-04
-4.826172e-05
-3.568359e-05
3.051758e-04
3.739648e-04
-1.955273e-04
1.050781e-05
1.375781e-04
-1.094922e-04
-1.813867e-04
-7.810547e-05
7.086328e-04
5.208789e-04
2.841602e-04
5.577930e-04
6.003906e-05
5.609180e-04
6.626953e-05
9.197266e-05
2.818164e-04
4.626953e-04
7.566797e-04
2.582422e-04
6.763672e-04
6.682813e-04
1.108477e-03
3.490039e-04
4.650586e-04
6.731836e-04
2.409570e-04
3.990820e-04
5.372070e-04
7.263672e-04
-1.220703e-04
-1.770508e-04
-4.892578e-05
8.919922e-05
2.473242e-04
-1.849023e-04
2.322266e-05
1.392773e-04
-3.760547e-04
6.414062e-05
5.605469e-05
4.741797e-04
-2.073633e-04
-3.544922e-05
2.064648e-04
3.963086e-04
-1.883398e-04
-7.263672e-05
6.203125e-05
-8.476563e-06
-5.893359e-04
-3.377734e-04
-2.813867e-04
2.612109e-04
-1.718750e-06
2.925977e-04
2.896680e-04
4.167383e-04
6.227734e-04
-6.878906e-05
1.220703e-04
2.798242e-04
5.365430e-04
-1.453711e-04
-4.693359e-05
1.504688e-04
4.668359e-04
1.697461e-04
3.067969e-04
4.407422e-04
9.330078e-05
1.289648e-04
1.204883e-04
3.120117e-04
1.642187e-04
4.332031e-05
-4.068945e-04
-2.708984e-04
-3.697266e-05
1.117773e-04
3.174219e-04
-1.114258e-04
1.369727e-04
1.881250e-04
-6.093555e-04
-1.802734e-04
-3.046484e-04
1.361523e-04
-2.753906e-05
2.518750e-04
5.886719e-05
3.189648e-04
-1.985352e-04
-1.408594e-04
1.371094e-05
-1.820703e-04
-1.588867e-04
-2.880859e-05
3.712695e-04
7.478516e-05
4.955469e-04
3.418164e-04
-3.764063e-04
-6.220703e-05
-3.225000e-04
7.341797e-05
1.589844e-04
1.783398e-04
3.045898e-04
-1.846875e-04
2.363867e-04
1.029688e-04
4.526563e-04
-1.793945e-04
-1.352344e-04
-9.625000e-05
3.037695e-04
2.722656e-05
6.068359e-05
8.896484e-05
-6.103516e-05
-2.162109e-04
-1.224219e-04
-3.380859e-05
-1.406250e-06
-1.572852e-04
-7.419922e-05
3.710937e-06
-9.666016e-05
4.193359e-05
-6.878906e-05
-1.582031e-06
-2.447266e-04
-1.268359e-04
-1.461914e-04
1.238281e-05
-2.004297e-04
-1.171875e-06
5.083984e-05
-8.542969e-05
-1.758398e-04
-1.083203e-04
1.881641e-04
-8.984375e-05
-2.809570e-04
-1.210352e-04
7.474609e-05
4.224609e-05
1.066406e-04
-1.082812e-04
-6.320312e-05
-5.330078e-05
-8.857422e-05
-1.079883e-04
-3.046484e-04
-5.820313e-05
9.960938e-07
-1.170508e-04
-4.613281e-05
-1.724609e-04
1.224609e-05
5.074219e-05
2.406250e-05
-8.779297e-05
-2.237891e-04
-7.875000e-05
-1.888672e-05
1.289062e-04
5.945312e-05
-5.414062e-05
-1.508398e-04
-1.085742e-04
-1.204492e-04
-1.354297e-04
-8.248047e-05
-3.263672e-05
-1.079687e-04
-8.433594e-05
-1.277344e-05
-2.535156e-05
-6.103516e-05
-1.298242e-04
1.955273e-04
1.115625e-04
1.065625e-04
-1.257812e-05
-1.848242e-04
2.001758e-04
-3.424219e-04
-3.988086e-04
-4.001953e-05
-1.915820e-04
-2.431445e-04
-2.557422e-04
-4.935156e-04
-3.093750e-05
2.335938e-05
-2.185547e-04
-1.463281e-04
4.693359e-05
-1.270508e-04
-1.189648e-04
-3.150195e-04
-2.879688e-04
-2.819531e-04
-3.680078e-04
6.421875e-05
2.816406e-05
1.210937e-05
6.054687e-06
-6.103516e-05
5.498047e-05
1.099609e-04
9.390625e-05
5.785156e-05
1.796875e-06
-8.425781e-05
-7.824219e-05
3.150195e-04
1.189648e-04
1.270508e-04
-4.693359e-05
2.073633e-04
3.544922e-05
-2.335938e-05
3.093750e-05
4.935156e-04
2.557422e-04
2.431445e-04
1.305469e-04
-2.101563e-05
-2.843750e-05
2.813867e-04
-2.612109e-04
1.237891e-04
-4.845703e-05
-1.675977e-04
-1.725977e-04
-2.565625e-04
6.878906e-05
0.000000e+00
-3.568359e-05
-1.703320e-04
-3.773437e-05
-1.410156e-05
-8.943359e-05
-3.958984e-05
1.335938e-05
-1.621094e-06
-1.349609e-05
2.876953e-05
5.414062e-05
-5.945312e-05
-1.289062e-04
1.888672e-05
-4.332031e-05
2.237891e-04
8.779297e-05
-2.406250e-05
-5.074219e-05
-1.224609e-05
1.724609e-04
4.613281e-05
1.170508e-04
-9.960938e-07
5.820313e-05
6.050781e-05
1.079883e-04
8.857422e-05
5.330078e-05
-1.199023e-04
1.082812e-04
-1.066406e-04
-4.224609e-05
-7.474609e-05
-1.231055e-04
-1.462891e-04
8.984375e-05
-1.881641e-04
1.083203e-04
1.758398e-04
8.542969e-05
-5.083984e-05
1.171875e-06
2.004297e-04
-1.238281e-05
1.461914e-04
1.268359e-04
2.447266e-04
1.582031e-06
6.878906e-05
-4.193359e-05
9.666016e-05
-3.710937e-06
7.419922e-05
1.572852e-04
1.406250e-06
3.380859e-05
1.224219e-04
2.162109e-04
-2.441406e-04
-2.110352e-04
-1.827539e-04
-1.492969e-04
6.244141e-05
-2.089258e-04
-1.699414e-04
-1.257812e-04
-3.916211e-04
-1.640039e-04
-1.753516e-04
1.236523e-04
-2.435547e-04
1.268359e-04
2.412109e-05
2.317578e-04
-2.878516e-04
1.232422e-04
3.153711e-04
2.439453e-05
-4.955469e-04
-3.189258e-04
-1.271289e-04
-2.153320e-04
-1.462891e-04
-6.207031e-05
1.083594e-04
2.629297e-04
3.206055e-04
4.724609e-05
2.167969e-06
2.364062e-04
5.158203e-04
1.690234e-04
-5.273438e-07
3.633789e-04
5.483203e-04
-6.605469e-05
-1.490234e-05
2.334961e-04
1.708594e-04
1.029297e-05
1.590430e-04
3.929687e-04
2.848242e-04
1.397852e-04
-2.862891e-04
-6.787109e-05
1.236523e-04
3.593164e-04
2.118750e-04
-1.966016e-04
-6.265625e-05
7.439453e-05
-4.668359e-04
-2.725391e-04
-1.972070e-04
2.330078e-05
-2.924023e-04
8.638672e-05
6.103516e-05
4.960352e-04
-4.396680e-04
-2.336328e-04
-1.065625e-04
-3.536328e-04
-1.813867e-04
4.396484e-05
2.203516e-04
2.767383e-04
6.503711e-04
5.577930e-04
-1.841016e-04
3.167773e-04
6.626953e-05
9.197266e-05
2.818164e-04
2.185547e-04
7.566797e-04
1.410156e-05
1.880859e-04
4.241406e-04
6.201953e-04
1.048633e-04
2.209180e-04
4.290430e-04
2.409570e-04
1.549414e-04
2.930664e-04
4.211914e-04
-3.051758e-04
-1.770508e-04
-4.892578e-05
8.919922e-05
3.183594e-06
-4.290430e-04
-2.209180e-04
-1.048633e-04
-6.201953e-04
-4.241406e-04
-1.880859e-04
-1.410156e-05
-6.956445e-04
-2.795898e-04
-2.818164e-04
1.521680e-04
-6.626953e-05
-7.263672e-05
1.841016e-04
-2.526172e-04
-5.893359e-04
-3.377734e-04
-1.593164e-04
1.707031e-05
2.424219e-04
4.146680e-04
2.896680e-04
4.167383e-04
6.227734e-04
-3.129297e-04
1.220703e-04
3.568359e-05
2.924023e-04
-2.330078e-05
1.972070e-04
2.725391e-04
4.668359e-04
-7.439453e-05
6.265625e-05
1.966016e-04
-1.508398e-04
-3.593164e-04
-1.236523e-04
6.787109e-05
2.862891e-04
-2.618555e-04
-2.848242e-04
-1.488281e-04
8.509766e-05
2.338477e-04
-1.708594e-04
-2.334961e-04
1.490234e-05
6.605469e-05
-6.093555e-04
-4.244141e-04
-3.046484e-04
-1.079883e-04
-5.158203e-04
7.734375e-06
-6.320312e-05
1.968945e-04
-3.206055e-04
-2.629297e-04
-1.083594e-04
-1.820703e-04
-1.588867e-04
2.153320e-04
1.271289e-04
3.189258e-04
4.955469e-04
2.197461e-04
-3.764063e-04
-1.842773e-04
2.268164e-04
-4.865234e-05
1.589844e-04
-1.878711e-04
6.044922e-05
-1.846875e-04
2.363867e-04
1.029688e-04
4.526563e-04
1.868164e-04
2.309766e-04
2.699609e-04
1.816992e-04
-9.484375e-05
-6.138672e-05
-3.310547e-05
-6.103516e-05
