2.441406e-04
3.722656e-04
3.783203e-04
3.943750e-04
4.304297e-04
1.202734e-04
2.063281e-04
2.003125e-04
5.119141e-05
3.105469e-06
2.391602e-04
1.690039e-04
2.198828e-04
1.476562e-04
3.895703e-04
3.352734e-04
2.389063e-04
2.325391e-04
2.451367e-04
1.746289e-04
-4.001953e-05
8.947266e-05
1.458594e-04
3.222461e-04
3.034570e-04
3.536328e-04
4.727734e-04
4.777734e-04
1.955273e-04
2.363867e-04
3.051758e-04
3.408594e-04
4.755078e-04
2.818750e-04
2.582422e-04
3.335742e-04
-8.248047e-05
2.307812e-04
2.457617e-04
2.576367e-04
2.153711e-04
3.120703e-04
1.815234e-04
2.509766e-04
3.473242e-04
2.264258e-04
1.424219e-04
1.563477e-04
2.682031e-04
2.948828e-04
3.784570e-04
7.167969e-05
1.980078e-04
1.270898e-04
9.960938e-07
6.386719e-05
-6.050781e-05
1.408203e-05
3.349609e-05
1.908398e-04
1.199023e-04
1.358594e-04
1.066406e-04
4.224609e-05
7.474609e-05
1.231055e-04
1.462891e-04
1.542969e-04
1.881641e-04
1.358203e-04
3.124414e-04
-8.542969e-05
5.083984e-05
-1.171875e-06
1.047461e-04
1.238281e-05
2.200195e-04
-1.268359e-04
-2.447266e-04
-1.582031e-06
-6.878906e-05
4.193359e-05
-9.666016e-05
3.710937e-06
-7.419922e-05
-1.572852e-04
-1.406250e-06
-3.380859e-05
-1.224219e-04
-2.162109e-04
3.051758e-04
2.110352e-04
1.827539e-04
1.492969e-04
-6.244141e-05
1.478906e-04
-1.316406e-05
-5.732422e-05
2.085156e-04
-1.910156e-05
-7.753906e-06
-3.067578e-04
-6.162109e-05
5.626953e-05
-2.072266e-04
-2.927930e-04
2.268164e-04
-1.842773e-04
-1.019531e-05
-2.439453e-05
4.955469e-04
3.189258e-04
4.933398e-04
-2.880859e-05
1.462891e-04
6.207031e-05
-1.083594e-04
-2.629297e-04
-3.206055e-04
-4.724609e-05
-2.167969e-06
-2.364062e-04
-3.937500e-04
2.582227e-04
6.156250e-05
-1.802734e-04
-6.093555e-04
-1.780859e-04
-2.292383e-04
-4.776367e-04
-4.878906e-05
-2.544336e-04
-1.590430e-04
-3.929687e-04
-2.848242e-04
-1.397852e-04
2.862891e-04
1.899414e-04
-1.582031e-06
-2.372461e-04
-3.949805e-04
-4.753906e-05
-1.814844e-04
-3.185352e-04
4.668359e-04
2.839844e-05
1.972070e-04
-2.674414e-04
4.826172e-05
-2.084570e-04
-1.220703e-04
-5.570703e-04
3.786328e-04
1.725977e-04
4.552734e-05
4.146680e-04
2.424219e-04
1.391406e-04
-4.034570e-04
-2.157031e-04
-5.893359e-04
-4.967578e-04
1.841016e-04
-3.167773e-04
-6.626953e-05
-9.197266e-05
-2.818164e-04
-5.237305e-04
-6.956445e-04
-1.410156e-05
-4.322266e-04
-4.241406e-04
-8.643359e-04
-1.048633e-04
-2.209180e-04
-4.290430e-04
-2.409570e-04
-1.549414e-04
-2.930664e-04
-4.211914e-04
-1.831055e-04
-6.708984e-05
-1.952148e-04
-3.333398e-04
-2.473242e-04
-5.923828e-05
-2.673633e-04
-3.834180e-04
1.319141e-04
-6.414062e-05
-3.001953e-04
-4.741797e-04
2.683984e-04
-2.697266e-04
-2.064648e-04
-3.963086e-04
1.883398e-04
7.263672e-05
-6.203125e-05
6.951172e-05
6.503711e-04
1.546680e-04
3.424219e-04
-4.443164e-04
6.275391e-05
-2.315625e-04
-1.065625e-04
-3.557031e-04
-6.838086e-04
7.753906e-06
-4.272461e-04
-4.018945e-04
-7.806836e-04
1.453711e-04
4.693359e-05
-1.504688e-04
-4.668359e-04
-4.138867e-04
-5.509375e-04
-6.848828e-04
-2.764063e-04
-1.289648e-04
-3.646289e-04
-5.561523e-04
-4.083594e-04
-2.874609e-04
1.627539e-04
2.708984e-04
3.697266e-05
-1.117773e-04
-1.953516e-04
-1.327148e-04
-3.811133e-04
-4.322656e-04
3.041797e-04
-1.249023e-04
1.215430e-04
-3.192578e-04
2.753906e-05
-7.734375e-06
-3.030078e-04
-1.968945e-04
-4.560547e-05
-1.032813e-04
-2.578516e-04
6.000000e-05
1.588867e-04
2.880859e-05
-4.933398e-04
-3.189258e-04
-7.265625e-06
-3.418164e-04
1.933008e-04
-2.429687e-04
2.614648e-04
-1.344531e-04
2.412109e-05
-2.393750e-04
-3.656250e-04
1.582031e-06
-2.974219e-04
-2.860742e-04
-5.136914e-04
-3.710937e-06
-4.787109e-05
-8.685547e-05
-3.037695e-04
-2.713672e-04
-3.048242e-04
-3.331055e-04
0.000000e+00
2.162109e-04
1.224219e-04
3.380859e-05
1.406250e-06
1.572852e-04
7.419922e-05
-3.710937e-06
9.666016e-05
-4.193359e-05
6.878906e-05
1.582031e-06
2.447266e-04
1.268359e-04
1.461914e-04
-1.238281e-05
2.004297e-04
1.171875e-06
1.933008e-04
8.542969e-05
1.758398e-04
1.083203e-04
5.597656e-05
8.984375e-05
2.809570e-04
1.210352e-04
-7.474609e-05
-4.224609e-05
-1.066406e-04
1.082812e-04
6.320312e-05
5.330078e-05
2.106445e-04
2.300586e-04
3.046484e-04
3.023438e-04
-9.960938e-07
1.170508e-04
4.613281e-05
1.724609e-04
1.098242e-04
7.132812e-05
9.800781e-05
2.098633e-04
2.237891e-04
7.875000e-05
1.888672e-05
1.152344e-04
1.846875e-04
2.982812e-04
1.508398e-04
-1.349609e-05
-1.621094e-06
1.335938e-05
-3.958984e-05
-8.943359e-05
-1.410156e-05
-3.773437e-05
-4.826172e-05
-3.568359e-05
1.220703e-04
6.878906e-05
-1.344922e-04
-5.052734e-05
-4.552734e-05
-4.845703e-05
1.237891e-04
1.050000e-04
2.813867e-04
3.377734e-04
-2.101563e-05
1.305469e-04
2.431445e-04
3.778125e-04
4.935156e-04
3.093750e-05
-2.335938e-05
1.575195e-04
2.073633e-04
1.972070e-04
1.270508e-04
3.631055e-04
3.150195e-04
2.879688e-04
2.819531e-04
3.680078e-04
5.785156e-05
2.159766e-04
2.320313e-04
2.380859e-04
1.220703e-04
2.501953e-04
2.562500e-04
2.723047e-04
1.862891e-04
-1.796875e-06
8.425781e-05
7.824219e-05
-7.087891e-05
3.105469e-06
1.170898e-04
1.690039e-04
-2.425781e-05
-9.648438e-05
2.335938e-05
9.113281e-05
2.389063e-04
-2.557422e-04
-2.431445e-04
-6.951172e-05
-4.001953e-05
-3.259766e-05
-3.424219e-04
2.001758e-04
3.034570e-04
3.536328e-04
1.065625e-04
1.115625e-04
1.955273e-04
-7.753906e-06
1.831055e-04
9.671875e-05
1.092969e-04
-8.433594e-05
2.582422e-04
-3.263672e-05
-8.248047e-05
1.087109e-04
1.236914e-04
1.355664e-04
-2.876953e-05
-5.414062e-05
5.945312e-05
1.289062e-04
2.252539e-04
1.043555e-04
2.035156e-05
-8.779297e-05
2.406250e-05
5.074219e-05
1.343164e-04
-5.039063e-05
7.593750e-05
5.019531e-06
9.960938e-07
-5.820313e-05
-6.050781e-05
-1.079883e-04
3.349609e-05
6.876953e-05
1.199023e-04
-1.082812e-04
1.066406e-04
4.224609e-05
7.474609e-05
1.231055e-04
1.462891e-04
-8.984375e-05
1.881641e-04
1.358203e-04
-1.758398e-04
-8.542969e-05
5.083984e-05
-1.171875e-06
1.047461e-04
1.238281e-05
-1.461914e-04
-1.268359e-04
-2.447266e-04
-1.582031e-06
-6.878906e-05
4.193359e-05
-9.666016e-05
3.710937e-06
-7.419922e-05
-1.572852e-04
-1.406250e-06
-3.380859e-05
-1.224219e-04
-2.162109e-04
1.220703e-04
-3.310547e-05
-6.138672e-05
-9.484375e-05
5.962891e-05
2.699609e-04
2.309766e-04
1.868164e-04
2.085156e-04
3.471094e-04
-7.753906e-06
5.945312e-05
3.045898e-04
5.626953e-05
1.589844e-04
-1.707227e-04
-3.225000e-04
-1.842773e-04
-3.764063e-04
9.767578e-05
4.955469e-04
3.189258e-04
1.271289e-04
2.153320e-04
-1.588867e-04
-1.820703e-04
-1.083594e-04
-2.629297e-04
-3.206055e-04
7.482422e-05
-6.320312e-05
7.734375e-06
-2.716797e-04
-1.079883e-04
-3.046484e-04
-4.244141e-04
-6.093555e-04
-5.601563e-05
-1.071680e-04
-3.555664e-04
7.328125e-05
2.338477e-04
8.509766e-05
-1.488281e-04
-4.068945e-04
1.653906e-04
1.642187e-04
6.787109e-05
-1.236523e-04
-3.593164e-04
9.330078e-05
1.966016e-04
6.265625e-05
-7.439453e-05
4.668359e-04
2.725391e-04
1.972070e-04
-2.330078e-05
5.365430e-04
3.568359e-05
1.220703e-04
-3.129297e-04
6.227734e-04
4.167383e-04
2.896680e-04
4.146680e-04
2.424219e-04
1.707031e-05
-1.593164e-04
-3.377734e-04
-5.893359e-04
-2.526172e-04
1.841016e-04
-7.263672e-05
-1.883398e-04
1.521680e-04
-2.818164e-04
-3.544922e-05
-4.515039e-04
2.300391e-04
-1.880859e-04
-1.800000e-04
-6.201953e-04
-1.048633e-04
-2.209180e-04
-4.290430e-04
3.183594e-06
8.919922e-05
-4.892578e-05
-1.770508e-04
1.831055e-04
1.770508e-04
4.892578e-05
-8.919922e-05
-2.473242e-04
4.290430e-04
2.209180e-04
1.048633e-04
6.201953e-04
1.800000e-04
1.880859e-04
-2.300391e-04
5.125391e-04
-2.558594e-05
3.767578e-05
-3.963086e-04
1.883398e-04
7.263672e-05
-1.841016e-04
6.951172e-05
6.503711e-04
3.988086e-04
2.203516e-04
4.396484e-05
6.275391e-05
-2.315625e-04
-3.507031e-04
-4.777734e-04
-6.838086e-04
7.753906e-06
-1.831055e-04
-4.018945e-04
-5.365430e-04
2.330078e-05
4.693359e-05
-2.725391e-04
-4.668359e-04
7.439453e-05
-6.265625e-05
-1.966016e-04
-3.226563e-05
1.151758e-04
-1.204883e-04
-3.120117e-04
-1.642187e-04
-4.332031e-05
4.068945e-04
1.488281e-04
-8.509766e-05
-2.338477e-04
-7.328125e-05
3.555664e-04
1.071680e-04
5.601563e-05
5.483203e-04
3.633789e-04
3.656836e-04
1.690234e-04
2.716797e-04
-2.518750e-04
-1.809375e-04
-3.189648e-04
7.646484e-05
1.878906e-05
-1.357813e-04
1.820703e-04
1.588867e-04
-2.153320e-04
-1.271289e-04
-7.478516e-05
-4.955469e-04
-3.418164e-04
3.153711e-04
-1.208984e-04
2.614648e-04
-1.344531e-04
-2.200195e-04
4.765625e-06
-3.656250e-04
1.582031e-06
6.878906e-05
-2.860742e-04
-1.474805e-04
2.404297e-04
1.962695e-04
1.572852e-04
-3.037695e-04
-1.492969e-04
-1.827539e-04
-2.110352e-04
1.831055e-04
2.162109e-04
1.224219e-04
3.380859e-05
1.406250e-06
1.572852e-04
7.419922e-05
-3.710937e-06
9.666016e-05
-4.193359e-05
6.878906e-05
1.582031e-06
2.447266e-04
1.268359e-04
1.461914e-04
-1.238281e-05
-1.047461e-04
1.171875e-06
-5.083984e-05
8.542969e-05
1.758398e-04
1.083203e-04
-1.881641e-04
8.984375e-05
-1.462891e-04
-1.231055e-04
-7.474609e-05
-4.224609e-05
-1.066406e-04
1.082812e-04
-1.199023e-04
-6.876953e-05
8.857422e-05
1.079883e-04
6.050781e-05
5.820313e-05
-9.960938e-07
-5.019531e-06
-7.593750e-05
5.039063e-05
-1.224609e-05
-5.074219e-05
-2.406250e-05
8.779297e-05
-2.035156e-05
1.771484e-05
-2.252539e-04
-1.289062e-04
-5.945312e-05
5.414062e-05
2.876953e-05
-2.576367e-04
-2.457617e-04
-2.307812e-04
-3.958984e-05
-8.943359e-05
-1.410156e-05
-3.773437e-05
-1.703320e-04
-1.577539e-04
0.000000e+00
-5.328125e-05
-2.565625e-04
-1.725977e-04
-1.675977e-04
-4.845703e-05
1.237891e-04
-2.612109e-04
2.813867e-04
-2.843750e-05
-2.101563e-05
8.476563e-06
2.431445e-04
2.557422e-04
-2.389063e-04
-9.113281e-05
-2.335938e-05
3.544922e-05
2.073633e-04
-4.693359e-05
-1.170898e-04
1.189648e-04
7.087891e-05
-7.824219e-05
-8.425781e-05
1.796875e-06
-6.421875e-05
9.390625e-05
1.099609e-04
5.498047e-05
1.220703e-04
